[-3.38207092 -3.17622302 -2.97931668 -2.88556414 -2.77725529 -2.72710144
 -2.70201675 -2.65814527 -2.67994621 -2.62280994 -2.61091107 -2.59668398
 -2.60966096 -2.58280673 -2.60523708 -2.57654271 -2.6226525  -2.60693383
 -2.60660772 -2.62655979 -2.63375592 -2.6355626  -2.64891513 -2.63233988
 -2.64895647 -2.63695747 -2.63522063 -2.63517013 -2.66858719 -2.63731192
 -2.6528903  -2.64414746 -2.65138481 -2.66000227 -2.66106696 -2.68315682
 -2.64942351 -2.65686493 -2.65843111 -2.68023548 -2.70867284 -2.68790135
 -2.69453262 -2.68856694 -2.70578365 -2.71941829 -2.70304766 -2.70180152
 -2.72227491 -2.70470657 -2.70822656 -2.70840735 -2.71242986 -2.71012027
 -2.72020913 -2.71474429 -2.71283059 -2.72056697 -2.725944   -2.73609534
 -2.73261064 -2.73377966 -2.72661082 -2.72485631 -2.74008422 -2.74814257
 -2.75679828 -2.75607233 -2.75836645 -2.76269469 -2.76569229 -2.76147708
 -2.76438968 -2.75761927 -2.77221158 -2.78666189 -2.7912381  -2.78717432
 -2.78369447 -2.79134501 -2.77766026 -2.79197613 -2.78288661 -2.79288848
 -2.79160182 -2.79282162 -2.79242359 -2.78727132 -2.79250397 -2.79436438
 -2.80125675 -2.81051051 -2.80724082 -2.80171136 -2.79761573 -2.81304838
 -2.80195584 -2.80643835 -2.81768421 -2.80785279]
[-3.34752433 -3.18686791 -3.07780963 -2.91600806 -2.89982815 -2.76756466
 -2.70403306 -2.67474144 -2.63186389 -2.61399875 -2.62308924 -2.60365715
 -2.57274914 -2.57934335 -2.54255503 -2.55898136 -2.56823245 -2.57803455
 -2.57612221 -2.57272415 -2.57819697 -2.55641871 -2.55635626 -2.55777789
 -2.56490319 -2.58932841 -2.58924401 -2.6044849  -2.58823774 -2.6077562
 -2.61287872 -2.62082292 -2.63238442 -2.63251289 -2.61808042 -2.63484605
 -2.61680909 -2.63740743 -2.63687196 -2.63465291 -2.64071024 -2.63075606
 -2.64133469 -2.66471276 -2.6748966  -2.69007991 -2.67462116 -2.67979964
 -2.68069808 -2.68299104 -2.70150614 -2.69188986 -2.70034776 -2.71542338
 -2.69924658 -2.73283539 -2.74303894 -2.74575651 -2.73503889 -2.74943474
 -2.75506522 -2.75796526 -2.75269657 -2.74732247 -2.75867563 -2.77061516
 -2.7739025  -2.76609848 -2.77946185 -2.78447834 -2.78379491 -2.79350382
 -2.78551195 -2.78508399 -2.78323774 -2.80052418 -2.80760178 -2.80931586
 -2.80366123 -2.81651432 -2.82591336 -2.81613715 -2.83051819 -2.82690038
 -2.8243246  -2.82459567 -2.83199844 -2.83782744 -2.84043266 -2.83911909
 -2.8377635  -2.84543089 -2.86827335 -2.86091114 -2.86810938 -2.86274239
 -2.86452352 -2.88677278 -2.88995162 -2.89435747]
[-3.34125682 -3.20281241 -3.08660481 -2.96451596 -2.89269938 -2.79245709
 -2.70469669 -2.69235529 -2.61375039 -2.60473442 -2.58920179 -2.57155429
 -2.57293359 -2.53945221 -2.53064476 -2.5355287  -2.50284372 -2.54314646
 -2.55212327 -2.5338159  -2.52647188 -2.52657953 -2.56067692 -2.53999346
 -2.54686493 -2.56253656 -2.54917419 -2.53942388 -2.55109325 -2.55679094
 -2.57078747 -2.59858834 -2.59051523 -2.58202301 -2.5924256  -2.59603063
 -2.58724442 -2.60511244 -2.61214877 -2.62671385 -2.63427772 -2.63041651
 -2.62031951 -2.63786299 -2.63461679 -2.63747927 -2.63095219 -2.63966094
 -2.65671628 -2.64025866 -2.66858086 -2.66802097 -2.66219559 -2.65969137
 -2.67511464 -2.66290222 -2.67987407 -2.68424029 -2.66541356 -2.68522271
 -2.6992659  -2.69356213 -2.70488419 -2.71365241 -2.71479935 -2.72410385
 -2.72123986 -2.72500479 -2.72887301 -2.73150091 -2.73105765 -2.73997776
 -2.75003966 -2.7416317  -2.76599299 -2.76100426 -2.75478667 -2.74180726
 -2.75768695 -2.76427774 -2.78454117 -2.77819555 -2.77993641 -2.78078629
 -2.793173   -2.7873867  -2.80296043 -2.80583843 -2.79594264 -2.7962438
 -2.79490281 -2.80143942 -2.81653193 -2.80656316 -2.80594131 -2.81288393
 -2.8154927  -2.81773648 -2.83060086 -2.8110453 ]
