[4.47340696 4.0083053  3.8835783  3.86136244 3.69169185 3.53075557
 3.53864713 3.39556926 3.55804811 3.40402942 3.34345686 3.25443707
 3.31031855 3.25458909 3.24363219 3.1629868  3.22636333 3.21656023
 3.16312464 3.21010203 3.17695257 3.18075477 3.20382701 3.20267759
 3.16798155 3.18078354 3.15463753 3.16726731 3.20956459 3.1247602
 3.14351115 3.13630433 3.15208225 3.15563692 3.13334433 3.15280369
 3.10628571 3.11651875 3.12881019 3.13401831 3.17408959 3.12942207
 3.14226729 3.11850195 3.1369333  3.14178633 3.13675813 3.10180687
 3.13221909 3.10489027 3.12435946 3.11206009 3.10405449 3.09167294
 3.11224929 3.09415476 3.09942551 3.09131055 3.0912501  3.10154949
 3.09845991 3.09294019 3.07983223 3.08677562 3.09179487 3.09521865
 3.09421528 3.08509242 3.09019446 3.09557194 3.09694497 3.08332729
 3.08803786 3.07588378 3.08301342 3.10920077 3.0988657  3.08703785
 3.09403928 3.08956824 3.07481676 3.08423009 3.08463669 3.09243418
 3.08316311 3.08203593 3.07912439 3.07459153 3.07543051 3.07157855
 3.07276498 3.0903628  3.08467346 3.08239231 3.07573101 3.07807975
 3.07271081 3.07280028 3.07619424 3.06645084]
[4.69274477 4.39055305 4.2931936  3.99780975 4.1872009  3.9902778
 3.8221436  3.74409417 3.62894431 3.56676752 3.54640968 3.44810036
 3.41930474 3.41888872 3.32441828 3.37291695 3.34731927 3.37318015
 3.33434054 3.27721429 3.3287297  3.28743035 3.23035728 3.23687046
 3.25607472 3.2671102  3.2257163  3.28060685 3.22182311 3.2182768
 3.22572356 3.21789824 3.23861581 3.20600206 3.16651569 3.17378212
 3.15748811 3.19967004 3.1895223  3.15653671 3.14528551 3.14034628
 3.14973334 3.18155725 3.18041504 3.14505003 3.1246187  3.15175538
 3.11780842 3.14489082 3.15937406 3.15171422 3.14170403 3.16660645
 3.1261266  3.15389766 3.15615246 3.16893407 3.14477309 3.13879409
 3.13295043 3.13826596 3.14105903 3.12886324 3.13261686 3.12866845
 3.12999022 3.11887796 3.1290742  3.11683361 3.11604658 3.13048935
 3.11962491 3.11202179 3.10463151 3.10873002 3.11201208 3.11818344
 3.09961478 3.10190657 3.0998717  3.09776458 3.10189349 3.10231377
 3.08618796 3.09895597 3.09196912 3.08833384 3.09677945 3.0942572
 3.086431   3.09484417 3.11070101 3.09815592 3.10289252 3.09881816
 3.09212625 3.10391736 3.10728005 3.09605395]
[4.55983521 4.22243535 4.00082173 3.98042527 3.92901287 3.78931422
 3.54497162 3.51246909 3.49258074 3.45523637 3.41783301 3.2986377
 3.25908487 3.17945768 3.20135149 3.16566708 3.08884283 3.10747709
 3.13490488 3.0922136  3.06953519 3.0349063  3.10782054 3.08756174
 3.03453893 3.061679   3.04256957 2.97818223 2.98466327 3.01291858
 2.98888066 3.01251229 3.0162234  2.99235159 2.99321098 3.02211218
 2.98512336 3.00696982 2.97101568 3.00127336 2.98632671 2.96864523
 2.96903962 2.95770484 2.94553545 2.93630003 2.92497567 2.93445782
 2.94620552 2.91979645 2.94412324 2.92970135 2.92778008 2.90861759
 2.91616905 2.90992668 2.92921678 2.9132028  2.90805732 2.90692327
 2.92106718 2.91933315 2.91675479 2.92165478 2.92019845 2.9176777
 2.92297667 2.92349949 2.90807815 2.91198996 2.89314377 2.90189656
 2.89979293 2.89829958 2.91188191 2.90331541 2.90512001 2.89461368
 2.90054896 2.89867903 2.91816193 2.91225702 2.90750243 2.89949137
 2.90372992 2.90953799 2.89983876 2.91630728 2.89925006 2.90297601
 2.89720432 2.90238484 2.90483461 2.89958552 2.89540406 2.89379998
 2.89148581 2.88155797 2.89016309 2.89058204]
